Rue_Jeanne-Mance : 2020 - 2098 : (45.50838,-73.56894) , (45.50915,-73.57062) ;
Rue_Sherbrooke_Ouest : 250 - 330 : (45.50913,-73.57069) , (45.50907,-73.57072) , (45.50878,-73.57087) , (45.50841,-73.57105) ;
Avenue_du_President-Kennedy : 321 - 333 : (45.50831,-73.56892) , (45.50766,-73.56949) ;
Rue_De_Bleury : 2069 - 2201 : (45.50791,-73.57013) , (45.5081,-73.5705) , (45.50814,-73.57059) , (45.50817,-73.57066) , (45.50835,-73.57102) ;
Rue_De_Bleury : 2051 - 2067 : (45.50765,-73.56958) , (45.50786,-73.57002) ;
